220017
220034
220040
220041
230061
230065
230066
230071
230075
230076
230082
230085
230089
230094
230096
260036
260040
260047
260053
260056
260059
260062
315470
315931
315939
315942
315945
315952
316296
316299
316310
316311
316313
316314
316322
316673
316674
316679
317739
320919
323029
323418
323420
323439
323444
323448
323830
323833
323836
323838
323840
323844
323848
323855
324243
324246
324247
324254
324259
324260
324651
324652
325287
325899
326609
327188
327417
327550
327551
327553
327561
327577
327583
327605
327614
327634
327650
327651
327652
327653
327656
327657
327659
327661
327665
327666
327668
327669
327670
327674
327676
327686
327687
327688
327692
327693
327696
327698
327700
327815
327863
327869
327902
327905
327992
328022
328031
328098
328183
328242
328243
328264
328278
328323
328356
328360
328362
328363
328377
328378
328382
328389
328390
328393
328405
328407
328410
328413
328588
328594
328617
328641
328642
328661
328665
328704
328742
328749
328760
328819
328968
328992
329013
329016
329033
329049
329056
329062
329070
329071
329075
329088
329089
329091
329093
329095
329100
329103
329118
329129
329132
329137
329142
329145
329149
329150
329162
329201
329207
329292
329318
329326
329360
329373
329489
329525
329563
329592
329599
329600
329684
329808
329828
329839
329843
329844
329851
329852
329854
329857
329859
329860
329861
329877
329887
329890
329898
329899
329900
329901
329902
329909
329910
329911
329973
329992
330078
330081
330125
330143
330169
330176
330235
330241
330251
330257
330296
50007
50016
50020
50037
50042
50048
50051
60212
60231
60233
60236
60240
60245
60254
60261
60262
70245
70247
